<?xml version="1.0"?>
<opencv_storage>
<Distortion1 type_id="opencv-matrix">
  <rows>5</rows>
  <cols>1</cols>
  <dt>f</dt>
  <data>
    -8.59828815e-002 4.73684818e-001 1.19864089e-004 6.60155807e-003
    -1.89628208e+000</data></Distortion1>
</opencv_storage>
