<?xml version="1.0"?>
<opencv_storage>
<Intrinsics1 type_id="opencv-matrix">
  <rows>3</rows>
  <cols>3</cols>
  <dt>f</dt>
  <data>
    1.10826746e+003 0. 6.84207092e+002 0. 1.10878418e+003
    4.85574799e+002 0. 0. 1.</data></Intrinsics1>
</opencv_storage>
