<?xml version="1.0"?>
<opencv_storage>
<Intrinsics2 type_id="opencv-matrix">
  <rows>3</rows>
  <cols>3</cols>
  <dt>f</dt>
  <data>
    1.10758984e+003 0. 6.74718750e+002 0. 1.10799316e+003
    5.40762329e+002 0. 0. 1.</data></Intrinsics2>
</opencv_storage>
