<?xml version="1.0"?>
<opencv_storage>
<rotation_vectors1 type_id="opencv-matrix">
  <rows>6</rows>
  <cols>3</cols>
  <dt>d</dt>
  <data>
    6.4866544910160376e-002 2.7529642597565251e+000
    4.2449960157930539e-002 9.2440440485558176e-002
    2.4605909099787464e+000 4.9620205949372064e-003
    1.2658749423815774e-001 2.2537392618713326e+000
    -2.1545300348662030e-002 -7.1126249268020206e-002
    -2.9948802636110443e+000 1.0818838466773374e-001
    -4.0344323130871274e-002 -2.7297479685880188e+000
    2.3594408437762671e-002 4.5941102017694931e-004
    -2.5561408432191590e+000 1.3285683169832588e-002</data></rotation_vectors1>
</opencv_storage>
