<?xml version="1.0"?>
<opencv_storage>
<rotation_vectors2 type_id="opencv-matrix">
  <rows>6</rows>
  <cols>3</cols>
  <dt>d</dt>
  <data>
    7.0811498069057746e-002 2.7582749903240527e+000
    4.0938480790512335e-002 9.8616550093531638e-002
    2.4682381363239068e+000 3.9441261260973123e-003
    1.3232609185387520e-001 2.2587444925397926e+000
    -2.2102340532295178e-002 -7.8656791517311087e-002
    -2.9765230929073385e+000 1.0470130479265301e-001
    -4.4294887021993135e-002 -2.7238714741147754e+000
    1.7202204287385520e-002 -2.7481207507061888e-003
    -2.5509597503489392e+000 6.9876217238165799e-003</data></rotation_vectors2>
</opencv_storage>
