<?xml version="1.0"?>
<opencv_storage>
<translation_vectors1 type_id="opencv-matrix">
  <rows>6</rows>
  <cols>3</cols>
  <dt>d</dt>
  <data>
    6.2393138282779915e+001 -1.5766611775437795e+002
    1.2381169389016154e+003 2.4832472861812999e+001
    -1.7640540668458954e+002 1.2371852332654348e+003
    -7.2635168790557492e+000 -1.9145509609195423e+002
    1.1832890964461340e+003 2.6224110234530258e+001
    -1.4357971729879318e+002 1.0014585297368313e+003
    7.0583877224020128e+001 -1.3052056375111729e+002
    9.6349226631863166e+002 7.0158912491286518e+000
    -1.1949203621943983e+002 9.4878133869076726e+002</data></translation_vectors1>
</opencv_storage>
