<?xml version="1.0"?>
<opencv_storage>
<translation_vectors2 type_id="opencv-matrix">
  <rows>6</rows>
  <cols>3</cols>
  <dt>d</dt>
  <data>
    3.6445137546736341e+001 -1.6163571233944674e+002
    1.2378984832878800e+003 -1.2253248800448890e+000
    -1.8064989296149633e+002 1.2378773254191756e+003
    -3.3431231535085395e+001 -1.9496066595820585e+002
    1.1832897390133803e+003 2.9956801965369100e+000
    -1.4722503949295429e+002 1.0010369727403086e+003
    4.4188575463884412e+001 -1.3374903496178001e+002
    9.6271742705545353e+002 -2.2771197997120794e+001
    -1.2252918726297590e+002 9.4843921069778105e+002</data></translation_vectors2>
</opencv_storage>
